--- Optimization Complete ---

Start                     2015-11-16 00:00:00
End                       2025-11-14 00:00:00
Duration                   3651 days 00:00:00
Exposure Time [%]                    84.93042
Equity Final [$]                 458711.18117
Equity Peak [$]                  474268.76937
Commissions [$]                    6877.81227
Return [%]                          358.71118
Buy & Hold Return [%]               226.52065
Return (Ann.) [%]                    16.48914
Volatility (Ann.) [%]                14.63815
CAGR [%]                              11.0864
Sharpe Ratio                          1.12645
Sortino Ratio                         1.87752
Calmar Ratio                          1.24499
Alpha [%]                           251.27799
Beta                                  0.47428
Max. Drawdown [%]                   -13.24442
Avg. Drawdown [%]                    -1.40152
Max. Drawdown Duration      394 days 00:00:00
Avg. Drawdown Duration       17 days 00:00:00
# Trades                                   15
Win Rate [%]                         53.33333
Best Trade [%]                       67.81106
Worst Trade [%]                      -4.07454
Avg. Trade [%]                       10.70682
Max. Trade Duration         788 days 00:00:00
Avg. Trade Duration         205 days 00:00:00
Profit Factor                        10.42892
Expectancy [%]                       12.43187
SQN                                   1.96612
Kelly Criterion                        0.4703
_strategy                 HeikinAshiWeight...
_equity_curve                             ...
_trades                       Size  EntryB...
dtype: object

--- Best Parameters ---
  atr_period: 10
  weight_bull_1: 0.28 | weight_bull_2: 0.25
  weight_bull_3: 0.34 | weight_bull_4: 0.37
  weight_bull_doji: 0.38
  weight_bull_bonus: 0.02 | weight_bear_bonus: 0.05
  weight_bull_penalty: 0.06 | weight_bear_penalty: 0.1
  weight_bear_1: 0.22 | weight_bear_2: 0.12
  weight_bear_3: 0.2 | weight_bear_4: 0.14
  weight_bear_doji: 0.38
  stop_atr_mult: 1.5
Plot saved as: HeikinAshi_weighted_2025-12-05.html  ||  Heatmap saved as: HeikinAshi_weighted_heatmap_2025-12-05.html

=== SAMBO Optimization Analysis ===
Total evaluations: 893
Best result found: -64.77%

Parameter evolution:
  atr_period: 8.000 -> 20.000
  weight_bull_1: 20.000 -> 35.000
  weight_bull_2: 15.000 -> 30.000
  weight_bull_3: 20.000 -> 35.000
  weight_bull_4: 35.000 -> 50.000
  weight_bull_doji: 35.000 -> 45.000
  weight_bear_1: 10.000 -> 25.000
  weight_bear_2: 10.000 -> 25.000
  weight_bear_3: 10.000 -> 25.000
  weight_bear_4: 10.000 -> 25.000
  weight_bear_doji: 30.000 -> 40.000
  weight_bull_bonus: 0.000 -> 15.000
  weight_bear_bonus: 0.000 -> 15.000
  weight_bull_penalty: 0.000 -> 15.000
  weight_bear_penalty: 0.000 -> 15.000
  stop_atr_mult: 150.000 -> 150.000

Optimization Statistics:
  Total evaluations: 893
  Best Return [%]: -64.77
  Worst Return [%]: -358.71
  Average Return [%]: -241.38
  Success: True
  Message: Optimization converged (y_prev[n_iter_no_change] - y_best <= tol)

--- Top 100 parameter sets (by Return [%]): (.csv) ---
atr_period,weight_bull_1,weight_bull_2,weight_bull_3,weight_bull_4,weight_bull_doji,weight_bear_1,weight_bear_2,weight_bear_3,weight_bear_4,weight_bear_doji,weight_bull_bonus,weight_bear_bonus,weight_bull_penalty,weight_bear_penalty,stop_atr_mult,Return [%]
10,28,26,34,37,38,20,12,22,14,38,2,5,5,10,150,358.71
10,28,26,34,36,38,23,11,21,14,38,1,3,5,12,150,358.71
10,28,26,34,38,40,20,12,22,14,39,1,2,4,13,150,358.71
10,28,25,34,37,38,22,12,20,14,38,2,5,6,10,150,358.71
10,28,24,33,40,38,18,17,20,16,36,1,9,6,11,150,358.71
10,28,26,34,37,39,19,12,22,12,38,1,5,3,10,150,356.75
10,28,26,34,39,38,21,14,20,12,39,1,4,3,12,150,356.75
10,28,26,35,37,38,21,12,21,13,38,1,4,6,12,150,356.75
12,27,24,34,38,38,21,13,20,14,38,2,4,6,11,150,356.57
12,29,25,29,40,38,18,13,19,15,39,2,6,8,7,150,354.66
12,28,23,34,37,39,20,14,18,14,37,2,6,4,10,150,354.66
12,27,24,35,36,38,21,12,21,13,38,0,4,6,12,150,354.66
12,27,23,35,40,37,18,16,19,12,40,1,1,6,13,150,354.66
12,30,23,31,39,39,18,15,17,13,39,3,7,5,12,150,354.66
12,25,25,35,38,39,19,11,22,12,39,2,3,8,12,150,354.66
12,25,25,34,37,38,21,11,21,12,38,1,3,6,12,150,354.66
12,25,25,33,37,41,21,12,18,14,38,3,6,2,8,150,354.66
12,26,22,34,40,39,19,15,18,13,38,2,4,4,11,150,354.66
12,27,22,35,41,40,22,12,21,12,39,0,2,5,13,150,354.66
12,27,23,34,39,40,19,15,18,14,39,2,5,5,12,150,354.66
10,31,26,35,37,38,21,11,22,12,39,1,4,7,12,150,352.39
12,24,20,34,41,42,18,17,17,12,40,2,2,2,13,150,351.82
10,27,25,34,37,40,20,13,20,15,37,2,6,7,8,150,351.28
10,28,23,34,38,40,19,12,22,12,38,3,3,6,11,150,351.28
10,27,26,34,36,37,19,13,21,14,38,2,5,6,10,150,351.28
10,26,24,35,37,39,21,11,22,12,38,2,4,5,12,150,351.28
11,24,21,29,42,37,22,15,18,13,35,8,4,7,10,150,350.95
12,24,22,34,43,40,16,16,20,12,39,2,3,5,13,150,348.29
12,26,23,32,40,40,19,14,19,15,37,3,4,7,11,150,348.29
12,29,23,31,40,38,17,16,22,12,35,5,4,6,12,150,347.06
12,30,25,35,35,45,22,11,22,11,40,0,0,4,15,150,346.36
12,27,24,33,40,40,18,14,19,14,37,3,2,1,10,150,345.28
12,30,24,34,38,37,19,13,21,13,37,2,4,6,8,150,345.28
12,29,25,34,37,39,22,12,19,14,37,1,5,7,10,150,345.28
12,30,26,34,37,37,20,13,19,14,38,1,5,8,8,150,345.28
12,22,23,33,41,42,20,17,19,13,39,1,4,2,14,150,344.10
11,26,18,34,42,44,16,16,21,14,38,2,2,2,15,150,343.31
10,24,25,31,41,37,16,15,24,15,32,10,5,4,10,150,342.01
10,24,21,34,42,43,15,15,24,12,39,1,1,2,15,150,339.91
12,29,24,35,37,39,21,10,23,13,37,0,0,7,15,150,339.87
12,25,25,34,40,40,19,14,19,14,37,2,5,3,12,150,339.87
10,30,27,31,38,39,21,13,18,17,35,2,6,6,10,150,339.83
10,27,26,34,39,40,19,12,20,17,37,4,5,4,13,150,339.83
10,31,25,33,39,39,23,14,15,17,36,4,8,3,9,150,339.83
12,31,27,35,35,43,23,10,20,12,38,0,2,6,15,150,339.12
10,27,24,34,38,37,21,12,20,14,38,2,5,8,9,150,338.53
10,25,24,34,39,39,19,14,21,13,39,1,2,4,13,150,338.53
9,33,30,35,36,41,23,10,25,10,37,1,5,3,15,150,338.43
10,28,23,33,37,41,20,13,21,14,37,1,4,5,13,150,338.38
11,26,26,34,37,39,22,13,20,14,38,2,4,4,10,150,337.95
11,27,23,34,39,39,19,14,21,14,38,2,5,5,11,150,337.95
11,28,25,34,38,38,21,13,21,14,38,2,4,6,10,150,337.95
11,27,25,35,38,37,21,12,21,14,38,1,5,6,9,150,337.95
11,28,24,35,36,37,21,11,22,13,39,1,3,6,12,150,337.95
11,26,25,35,36,38,21,11,21,14,39,1,3,4,12,150,337.95
9,28,27,34,36,38,18,12,23,15,37,2,6,5,9,150,336.43
11,29,23,34,38,39,18,12,22,12,39,1,2,3,13,150,336.35
11,28,25,34,36,40,21,12,21,12,38,1,3,4,11,150,336.35
11,28,22,35,37,37,21,14,22,12,38,1,2,4,13,150,336.35
11,28,24,34,39,38,19,14,21,14,38,3,4,7,11,150,336.35
11,28,25,34,38,38,21,13,19,13,39,2,4,4,12,150,336.35
11,28,26,34,37,40,18,16,20,14,37,6,7,5,11,150,336.35
11,27,24,34,38,40,20,13,20,14,38,2,4,5,11,150,336.35
11,27,24,35,40,39,21,13,22,12,38,1,4,7,13,150,336.35
11,27,23,35,39,39,19,13,19,14,39,1,5,6,10,150,336.35
11,24,24,34,41,42,17,15,18,15,36,4,3,1,12,150,336.35
11,27,23,34,40,39,18,15,18,13,38,2,5,8,10,150,336.35
11,27,26,34,39,37,19,14,20,13,39,2,5,5,11,150,336.35
11,28,23,34,37,39,20,15,18,13,38,2,4,5,11,150,336.35
11,27,24,34,39,40,20,15,18,14,38,2,4,5,11,150,336.35
11,26,24,34,39,39,21,14,20,14,38,1,3,4,12,150,336.35
11,27,24,34,36,40,19,11,21,12,39,1,3,4,11,150,335.97
10,29,27,35,35,38,25,10,20,13,37,0,5,5,9,150,335.76
11,27,22,29,40,38,19,14,19,14,36,4,6,6,11,150,335.74
10,30,27,35,37,40,22,11,22,12,38,1,5,5,12,150,335.24
11,24,21,34,41,42,18,16,19,12,40,6,3,2,14,150,334.43
10,23,21,33,43,45,16,17,21,17,36,3,5,7,10,150,333.67
12,25,22,33,39,42,19,14,20,16,38,2,3,2,12,150,333.27
11,26,23,33,38,39,18,14,18,16,35,2,5,6,11,150,331.13
11,26,24,33,38,41,18,16,20,15,35,2,4,4,12,150,331.00
11,25,25,33,37,39,22,15,19,13,39,3,3,3,13,150,331.00
11,24,24,34,40,40,19,15,20,12,39,2,3,6,13,150,331.00
11,29,26,33,36,38,19,11,22,12,38,1,3,4,12,150,330.26
11,27,27,35,37,37,19,12,21,12,36,2,2,5,12,150,330.26
11,25,22,33,40,39,17,14,18,17,39,1,3,9,9,150,329.03
10,27,27,35,35,38,25,10,21,14,39,0,1,4,15,150,328.60
12,28,22,35,35,35,19,10,25,13,40,0,0,6,15,150,326.35
10,26,22,31,43,39,17,14,19,17,36,3,3,5,11,150,325.61
13,32,21,34,36,36,16,12,20,14,38,2,4,8,9,150,325.24
11,26,20,33,40,43,18,16,15,11,40,3,1,2,14,150,324.71
12,26,22,35,37,39,17,14,20,14,37,0,2,4,13,150,324.56
10,24,22,31,40,44,21,18,19,15,35,8,3,2,13,150,323.88
13,27,19,32,37,40,17,18,15,13,39,3,4,4,11,150,322.54
10,22,18,35,45,40,16,16,17,10,39,0,5,3,6,150,322.50
10,27,24,33,37,42,19,13,18,17,36,4,9,8,5,150,322.28
12,25,22,33,39,40,21,15,17,13,39,1,5,5,12,150,321.88
12,22,22,31,41,43,17,17,18,13,36,5,3,1,14,150,321.88
11,25,17,35,48,42,18,15,17,10,40,0,0,2,15,150,321.73
12,24,27,35,37,39,23,13,18,15,39,2,4,2,10,150,321.60
12,34,20,33,40,40,15,24,12,12,37,4,11,2,13,150,319.93

